              precision    recall  f1-score   support

           A       1.00      0.98      0.99        55
           B       1.00      1.00      1.00        52
           C       0.98      1.00      0.99        59
           D       1.00      0.97      0.98        59
           E       1.00      1.00      1.00        56
           F       1.00      1.00      1.00        59
           G       1.00      0.98      0.99        57
           H       1.00      1.00      1.00        56
           I       1.00      1.00      1.00        54
           J       0.94      0.98      0.96        50
           K       1.00      1.00      1.00        60
           L       1.00      1.00      1.00        49
           M       0.93      1.00      0.96        27
           N       1.00      0.80      0.89        10
           O       0.98      1.00      0.99        58
           P       1.00      0.98      0.99        59
           Q       0.93      1.00      0.96        54
           R       1.00      1.00      1.00        57
           S       0.98      0.98      0.98        60
           T       1.00      1.00      1.00        57
           U       1.00      1.00      1.00        53
           V       1.00      1.00      1.00        54
           W       0.98      1.00      0.99        46
           X       1.00      1.00      1.00        54
           Y       1.00      1.00      1.00        60
           Z       1.00      0.98      0.99        59
       SPACE       0.96      1.00      0.98        47
         dal       0.00      0.00      0.00         1
        dhad       1.00      0.25      0.40         4
       ghain       0.75      1.00      0.86         3
        saad       0.00      0.00      0.00         2

    accuracy                           0.99      1431
   macro avg       0.92      0.90      0.90      1431
weighted avg       0.99      0.99      0.99      1431
